1
4
4 4 4 4
3
  0.0  0.0  0.0  1.0E-4  0.0

0.0
0.0
0.0
  1

    1.0E-09  1.0E-09
    1.0E-09  1.0E-09
    0.0E+00  0.0E+00  500

TRUE
TRUE
TRUE
TRUE

4 2 2 1
0
4
1 N
  0.0  0.0  0.0  0.0  0.0
  0.0  0.0  0.0  0.0  0.0
1
   2.0  2.0
  -2.0  2.0
   0.0  0.0  0.0  0.0  0.0  0.0
0
  0.0  0.0  0.0  0.0  0.0
  0.0  0.0  0.0  0.0  0.0
0
1 1 1 1

1 2 3 1
0
4
1 D
  0.0  0.0  0.0  0.0  0.0
  0.0  0.0  0.0  0.0  0.0
1
  -2.0   2.0
  -2.0  -2.0
   0.0   0.0  0.0  0.0  0.0  0.0
0               # GMT
  0.0  0.0  0.0  0.0  0.0
  0.0  0.0  0.0  0.0  0.0
0
1 1 1 1

2 2 4 1
0
4
1 D
  0.0  0.0  0.0  0.0  0.0
  0.0  0.0  0.0  0.0  0.0
1
  -2.0  -2.0
   2.0  -2.0
   0.0   0.0  0.0  0.0  0.0  0.0
0
  0.0  0.0  0.0  0.0  0.0
  0.0  0.0  0.0  0.0  0.0
0
1 1 1 1

3 2 1 1
0
4
1 D
  0.0  0.0  0.0  0.0  0.0
  0.0  0.0  0.0  0.0  0.0
1
   2.0  -2.0
   2.0   2.0
   0.0   0.0  0.0  0.0  0.0  0.0
0
  0.0  0.0  0.0  0.0  0.0
  0.0  0.0  0.0  0.0  0.0
0
1 1 1 1


#------------------------------------------------------------------------------
# END OF INPUT
#------------------------------------------------------------------------------
